
// spectral locus, aka the big curve for a chromaticity diagram

typedef struct spectral_curve
	{
	int wavelength;
	double x, y, z;
	} spectral_curve;

// https://cie.co.at/datatable/cie-1964-chromaticity-coordinates-spectrum-loci-10-degree-observer
// with NaNs fixed up
spectral_curve CurveData10degree[] = {
    { 360, 0.18222, 0.01998, 0.7978 },
    { 361, 0.1822, 0.01997, 0.79783 },
    { 362, 0.18217, 0.01997, 0.79786 },
    { 363, 0.18215, 0.01996, 0.79789 },
    { 364, 0.18212, 0.01995, 0.79793 },
    { 365, 0.1821, 0.01994, 0.79796 },
    { 366, 0.18207, 0.01993, 0.798 },
    { 367, 0.18204, 0.01992, 0.79804 },
    { 368, 0.182, 0.01991, 0.79809 },
    { 369, 0.18196, 0.0199, 0.79814 },
    { 370, 0.18192, 0.01988, 0.7982 },
    { 371, 0.18188, 0.01986, 0.79826 },
    { 372, 0.18183, 0.01985, 0.79832 },
    { 373, 0.18178, 0.01983, 0.79839 },
    { 374, 0.18173, 0.01981, 0.79846 },
    { 375, 0.18167, 0.0198, 0.79853 },
    { 376, 0.18161, 0.01978, 0.79861 },
    { 377, 0.18155, 0.01976, 0.79869 },
    { 378, 0.18148, 0.01974, 0.79878 },
    { 379, 0.18141, 0.01971, 0.79888 },
    { 380, 0.18133, 0.01969, 0.79898 },
    { 381, 0.18125, 0.01966, 0.79909 },
    { 382, 0.18117, 0.01963, 0.7992 },
    { 383, 0.18109, 0.0196, 0.79931 },
    { 384, 0.181, 0.01957, 0.79943 },
    { 385, 0.18091, 0.01954, 0.79955 },
    { 386, 0.1808, 0.01951, 0.79969 },
    { 387, 0.1807, 0.01947, 0.79983 },
    { 388, 0.18058, 0.01943, 0.79999 },
    { 389, 0.18045, 0.01939, 0.80016 },
    { 390, 0.18031, 0.01935, 0.80034 },
    { 391, 0.18016, 0.01929, 0.80055 },
    { 392, 0.18, 0.01924, 0.80076 },
    { 393, 0.17983, 0.01919, 0.80099 },
    { 394, 0.17965, 0.01911, 0.80124 },
    { 395, 0.17947, 0.01904, 0.80149 },
    { 396, 0.17927, 0.01897, 0.80176 },
    { 397, 0.17906, 0.01891, 0.80203 },
    { 398, 0.17885, 0.01884, 0.80231 },
    { 399, 0.17862, 0.01877, 0.80261 },
    { 400, 0.17839, 0.01871, 0.8029 },
    { 401, 0.17815, 0.01865, 0.8032 },
    { 402, 0.1779, 0.01859, 0.80351 },
    { 403, 0.17765, 0.01852, 0.80383 },
    { 404, 0.17739, 0.01846, 0.80415 },
    { 405, 0.17712, 0.0184, 0.80448 },
    { 406, 0.17684, 0.01834, 0.80482 },
    { 407, 0.17653, 0.01829, 0.80518 },
    { 408, 0.17621, 0.01823, 0.80556 },
    { 409, 0.17586, 0.01818, 0.80596 },
    { 410, 0.17549, 0.01813, 0.80638 },
    { 411, 0.17509, 0.01808, 0.80683 },
    { 412, 0.17465, 0.01802, 0.80733 },
    { 413, 0.1742, 0.01794, 0.80786 },
    { 414, 0.17372, 0.01787, 0.80841 },
    { 415, 0.17323, 0.01781, 0.80896 },
    { 416, 0.17272, 0.01776, 0.80952 },
    { 417, 0.17221, 0.01772, 0.81007 },
    { 418, 0.17168, 0.01773, 0.81059 },
    { 419, 0.17116, 0.01777, 0.81107 },
    { 420, 0.17063, 0.01785, 0.81152 },
    { 421, 0.1701, 0.01797, 0.81193 },
    { 422, 0.16957, 0.01811, 0.81232 },
    { 423, 0.16902, 0.01828, 0.8127 },
    { 424, 0.16846, 0.01848, 0.81306 },
    { 425, 0.1679, 0.01871, 0.81339 },
    { 426, 0.16733, 0.01897, 0.8137 },
    { 427, 0.16676, 0.01925, 0.81399 },
    { 428, 0.16619, 0.01956, 0.81425 },
    { 429, 0.16561, 0.01991, 0.81448 },
    { 430, 0.16503, 0.02028, 0.81469 },
    { 431, 0.16445, 0.02068, 0.81487 },
    { 432, 0.16388, 0.0211, 0.81502 },
    { 433, 0.16332, 0.02153, 0.81515 },
    { 434, 0.16275, 0.02199, 0.81526 },
    { 435, 0.16217, 0.02249, 0.81534 },
    { 436, 0.16159, 0.02302, 0.81539 },
    { 437, 0.16098, 0.02361, 0.81541 },
    { 438, 0.16036, 0.02425, 0.81539 },
    { 439, 0.15971, 0.02495, 0.81534 },
    { 440, 0.15902, 0.02573, 0.81525 },
    { 441, 0.15832, 0.02653, 0.81515 },
    { 442, 0.15761, 0.02734, 0.81505 },
    { 443, 0.15689, 0.02818, 0.81493 },
    { 444, 0.15615, 0.02907, 0.81478 },
    { 445, 0.15539, 0.03002, 0.81459 },
    { 446, 0.1546, 0.03105, 0.81435 },
    { 447, 0.15377, 0.03219, 0.81404 },
    { 448, 0.1529, 0.03346, 0.81364 },
    { 449, 0.15198, 0.03486, 0.81316 },
    { 450, 0.151, 0.03644, 0.81256 },
    { 451, 0.15001, 0.03809, 0.8119 },
    { 452, 0.14903, 0.03974, 0.81123 },
    { 453, 0.14804, 0.04145, 0.81051 },
    { 454, 0.14702, 0.04326, 0.80972 },
    { 455, 0.14594, 0.04522, 0.80884 },
    { 456, 0.14479, 0.04737, 0.80784 },
    { 457, 0.14353, 0.04977, 0.8067 },
    { 458, 0.14215, 0.05247, 0.80538 },
    { 459, 0.14062, 0.0555, 0.80388 },
    { 460, 0.13892, 0.05892, 0.80216 },
    { 461, 0.13714, 0.0625, 0.80036 },
    { 462, 0.13538, 0.06605, 0.79857 },
    { 463, 0.13356, 0.06972, 0.79672 },
    { 464, 0.13163, 0.07361, 0.79476 },
    { 465, 0.12952, 0.07787, 0.79261 },
    { 466, 0.12718, 0.08262, 0.7902 },
    { 467, 0.1246, 0.08798, 0.78742 },
    { 468, 0.12177, 0.09408, 0.78415 },
    { 469, 0.11859, 0.10106, 0.78035 },
    { 470, 0.11518, 0.10904, 0.77578 },
    { 471, 0.11171, 0.11781, 0.77048 },
    { 472, 0.10804, 0.12714, 0.76482 },
    { 473, 0.10413, 0.13709, 0.75878 },
    { 474, 0.10001, 0.14772, 0.75227 },
    { 475, 0.09573, 0.15909, 0.74518 },
    { 476, 0.09131, 0.17127, 0.73742 },
    { 477, 0.08678, 0.1843, 0.72892 },
    { 478, 0.08216, 0.19827, 0.71957 },
    { 479, 0.07748, 0.21323, 0.70929 },
    { 480, 0.07278, 0.22924, 0.69798 },
    { 481, 0.06782, 0.24654, 0.68564 },
    { 482, 0.06244, 0.26523, 0.67233 },
    { 483, 0.05678, 0.2851, 0.65812 },
    { 484, 0.05099, 0.30593, 0.64308 },
    { 485, 0.04519, 0.32754, 0.62727 },
    { 486, 0.03953, 0.34972, 0.61075 },
    { 487, 0.03415, 0.37226, 0.59359 },
    { 488, 0.02917, 0.39498, 0.57585 },
    { 489, 0.02474, 0.41766, 0.5576 },
    { 490, 0.02099, 0.44011, 0.5389 },
    { 491, 0.01771, 0.46308, 0.51921 },
    { 492, 0.01463, 0.4872, 0.49817 },
    { 493, 0.01182, 0.51207, 0.47611 },
    { 494, 0.00936, 0.53731, 0.45333 },
    { 495, 0.0073, 0.56252, 0.43018 },
    { 496, 0.00573, 0.58732, 0.40695 },
    { 497, 0.0047, 0.61131, 0.38399 },
    { 498, 0.00428, 0.63411, 0.36161 },
    { 499, 0.00456, 0.65531, 0.34013 },
    { 500, 0.00559, 0.67454, 0.31987 },
    { 501, 0.00743, 0.69218, 0.30039 },
    { 502, 0.01007, 0.70884, 0.28109 },
    { 503, 0.01341, 0.72449, 0.2621 },
    { 504, 0.01737, 0.73908, 0.24355 },
    { 505, 0.02187, 0.75258, 0.22555 },
    { 506, 0.02683, 0.76495, 0.20822 },
    { 507, 0.03216, 0.77614, 0.1917 },
    { 508, 0.03777, 0.78613, 0.1761 },
    { 509, 0.0436, 0.79486, 0.16154 },
    { 510, 0.04954, 0.8023, 0.14816 },
    { 511, 0.0558, 0.80818, 0.13602 },
    { 512, 0.06255, 0.81238, 0.12507 },
    { 513, 0.06973, 0.81511, 0.11516 },
    { 514, 0.07724, 0.81657, 0.10619 },
    { 515, 0.08502, 0.81698, 0.098 },
    { 516, 0.093, 0.81652, 0.09048 },
    { 517, 0.10108, 0.81541, 0.08351 },
    { 518, 0.1092, 0.81385, 0.07695 },
    { 519, 0.11728, 0.81204, 0.07068 },
    { 520, 0.12524, 0.81019, 0.06457 },
    { 521, 0.13322, 0.80795, 0.05883 },
    { 522, 0.14138, 0.8049, 0.05372 },
    { 523, 0.14965, 0.80118, 0.04917 },
    { 524, 0.15802, 0.79689, 0.04509 },
    { 525, 0.16641, 0.79217, 0.04142 },
    { 526, 0.17478, 0.78713, 0.03809 },
    { 527, 0.18307, 0.7819, 0.03503 },
    { 528, 0.19126, 0.7766, 0.03214 },
    { 529, 0.19926, 0.77136, 0.02938 },
    { 530, 0.20706, 0.76628, 0.02666 },
    { 531, 0.21464, 0.76126, 0.0241 },
    { 532, 0.22207, 0.75609, 0.02184 },
    { 533, 0.22936, 0.7508, 0.01984 },
    { 534, 0.23655, 0.74538, 0.01807 },
    { 535, 0.24364, 0.73987, 0.01649 },
    { 536, 0.25067, 0.73427, 0.01506 },
    { 537, 0.25766, 0.7286, 0.01374 },
    { 538, 0.26463, 0.72287, 0.0125 },
    { 539, 0.2716, 0.7171, 0.0113 },
    { 540, 0.27859, 0.7113, 0.01011 },
    { 541, 0.28558, 0.70545, 0.00897 },
    { 542, 0.29254, 0.69951, 0.00795 },
    { 543, 0.29947, 0.69349, 0.00704 },
    { 544, 0.30636, 0.68741, 0.00623 },
    { 545, 0.31323, 0.68128, 0.00549 },
    { 546, 0.32008, 0.6751, 0.00482 },
    { 547, 0.3269, 0.66888, 0.00422 },
    { 548, 0.33371, 0.66263, 0.00366 },
    { 549, 0.34051, 0.65636, 0.00313 },
    { 550, 0.3473, 0.65009, 0.00261 },
    { 551, 0.35408, 0.64379, 0.00213 },
    { 552, 0.36087, 0.63744, 0.00169 },
    { 553, 0.36765, 0.63104, 0.00131 },
    { 554, 0.37442, 0.62462, 0.00096 },
    { 555, 0.38116, 0.61816, 0.00068 },
    { 556, 0.38787, 0.61169, 0.00044 },
    { 557, 0.39454, 0.60521, 0.00025 },
    { 558, 0.40116, 0.59873, 0.00011 },
    { 559, 0.40772, 0.59225, 0.0 },
    { 560, 0.41421, 0.58579, 0.0 },
    { 561, 0.4207, 0.5793, 0.0 },
    { 562, 0.42723, 0.57277, 0.0 },
    { 563, 0.43379, 0.56621, 0.0 },
    { 564, 0.44036, 0.55964, 0.0 },
    { 565, 0.44692, 0.55308, 0.0 },
    { 566, 0.45346, 0.54654, 0.0 },
    { 567, 0.45996, 0.54004, 0.0 },
    { 568, 0.4664, 0.5336, 0.0 },
    { 569, 0.47277, 0.52723, 0.0 },
    { 570, 0.47904, 0.52096, 0.0 },
    { 571, 0.48524, 0.51476, 0.0 },
    { 572, 0.49141, 0.50859, 0.0 },
    { 573, 0.49754, 0.50246, 0.0 },
    { 574, 0.50362, 0.49638, 0.0 },
    { 575, 0.50964, 0.49036, 0.0 },
    { 576, 0.51559, 0.48441, 0.0 },
    { 577, 0.52147, 0.47853, 0.0 },
    { 578, 0.52726, 0.47274, 0.0 },
    { 579, 0.53296, 0.46704, 0.0 },
    { 580, 0.53856, 0.46144, 0.0 },
    { 581, 0.54408, 0.45592, 0.0 },
    { 582, 0.54954, 0.45046, 0.0 },
    { 583, 0.55492, 0.44508, 0.0 },
    { 584, 0.56022, 0.43978, 0.0 },
    { 585, 0.56544, 0.43456, 0.0 },
    { 586, 0.57057, 0.42943, 0.0 },
    { 587, 0.57559, 0.42441, 0.0 },
    { 588, 0.5805, 0.4195, 0.0 },
    { 589, 0.5853, 0.4147, 0.0 },
    { 590, 0.58996, 0.41004, 0.0 },
    { 591, 0.59451, 0.40549, 0.0 },
    { 592, 0.59895, 0.40105, 0.0 },
    { 593, 0.60327, 0.39673, 0.0 },
    { 594, 0.60749, 0.39251, 0.0 },
    { 595, 0.6116, 0.3884, 0.0 },
    { 596, 0.6156, 0.3844, 0.0 },
    { 597, 0.61951, 0.38049, 0.0 },
    { 598, 0.62331, 0.37669, 0.0 },
    { 599, 0.62702, 0.37298, 0.0 },
    { 600, 0.63063, 0.36937, 0.0 },
    { 601, 0.63414, 0.36586, 0.0 },
    { 602, 0.63754, 0.36246, 0.0 },
    { 603, 0.64084, 0.35916, 0.0 },
    { 604, 0.64403, 0.35597, 0.0 },
    { 605, 0.64713, 0.35287, 0.0 },
    { 606, 0.65013, 0.34987, 0.0 },
    { 607, 0.65304, 0.34696, 0.0 },
    { 608, 0.65585, 0.34415, 0.0 },
    { 609, 0.65858, 0.34142, 0.0 },
    { 610, 0.66122, 0.33878, 0.0 },
    { 611, 0.66378, 0.33622, 0.0 },
    { 612, 0.66624, 0.33376, 0.0 },
    { 613, 0.6686, 0.3314, 0.0 },
    { 614, 0.67087, 0.32913, 0.0 },
    { 615, 0.67306, 0.32694, 0.0 },
    { 616, 0.67515, 0.32485, 0.0 },
    { 617, 0.67716, 0.32284, 0.0 },
    { 618, 0.67908, 0.32092, 0.0 },
    { 619, 0.68091, 0.31909, 0.0 },
    { 620, 0.68266, 0.31734, 0.0 },
    { 621, 0.68431, 0.31569, 0.0 },
    { 622, 0.68582, 0.31418, 0.0 },
    { 623, 0.68722, 0.31278, 0.0 },
    { 624, 0.68853, 0.31147, 0.0 },
    { 625, 0.68976, 0.31024, 0.0 },
    { 626, 0.69094, 0.30906, 0.0 },
    { 627, 0.69209, 0.30791, 0.0 },
    { 628, 0.69321, 0.30679, 0.0 },
    { 629, 0.69434, 0.30566, 0.0 },
    { 630, 0.69548, 0.30452, 0.0 },
    { 631, 0.69663, 0.30337, 0.0 },
    { 632, 0.69776, 0.30224, 0.0 },
    { 633, 0.69886, 0.30114, 0.0 },
    { 634, 0.69994, 0.30006, 0.0 },
    { 635, 0.70099, 0.29901, 0.0 },
    { 636, 0.70202, 0.29798, 0.0 },
    { 637, 0.70302, 0.29698, 0.0 },
    { 638, 0.704, 0.296, 0.0 },
    { 639, 0.70495, 0.29505, 0.0 },
    { 640, 0.70587, 0.29413, 0.0 },
    { 641, 0.70678, 0.29322, 0.0 },
    { 642, 0.70768, 0.29232, 0.0 },
    { 643, 0.70856, 0.29144, 0.0 },
    { 644, 0.70942, 0.29058, 0.0 },
    { 645, 0.71025, 0.28975, 0.0 },
    { 646, 0.71104, 0.28896, 0.0 },
    { 647, 0.71179, 0.28821, 0.0 },
    { 648, 0.71249, 0.28751, 0.0 },
    { 649, 0.71313, 0.28687, 0.0 },
    { 650, 0.71371, 0.28629, 0.0 },
    { 651, 0.71422, 0.28578, 0.0 },
    { 652, 0.71465, 0.28535, 0.0 },
    { 653, 0.71502, 0.28498, 0.0 },
    { 654, 0.71534, 0.28466, 0.0 },
    { 655, 0.71562, 0.28438, 0.0 },
    { 656, 0.71587, 0.28413, 0.0 },
    { 657, 0.7161, 0.2839, 0.0 },
    { 658, 0.71632, 0.28368, 0.0 },
    { 659, 0.71655, 0.28345, 0.0 },
    { 660, 0.71679, 0.28321, 0.0 },
    { 661, 0.71703, 0.28297, 0.0 },
    { 662, 0.71727, 0.28273, 0.0 },
    { 663, 0.71748, 0.28252, 0.0 },
    { 664, 0.71769, 0.28231, 0.0 },
    { 665, 0.71789, 0.28211, 0.0 },
    { 666, 0.71808, 0.28192, 0.0 },
    { 667, 0.71825, 0.28175, 0.0 },
    { 668, 0.71842, 0.28158, 0.0 },
    { 669, 0.71858, 0.28142, 0.0 },
    { 670, 0.71873, 0.28127, 0.0 },
    { 671, 0.71888, 0.28112, 0.0 },
    { 672, 0.71901, 0.28099, 0.0 },
    { 673, 0.71913, 0.28087, 0.0 },
    { 674, 0.71924, 0.28076, 0.0 },
    { 675, 0.71934, 0.28066, 0.0 },
    { 676, 0.71944, 0.28056, 0.0 },
    { 677, 0.71953, 0.28047, 0.0 },
    { 678, 0.71961, 0.28039, 0.0 },
    { 679, 0.71969, 0.28031, 0.0 },
    { 680, 0.71976, 0.28024, 0.0 },
    { 681, 0.71983, 0.28017, 0.0 },
    { 682, 0.71989, 0.28011, 0.0 },
    { 683, 0.71994, 0.28006, 0.0 },
    { 684, 0.71998, 0.28002, 0.0 },
    { 685, 0.72002, 0.27998, 0.0 },
    { 686, 0.72005, 0.27995, 0.0 },
    { 687, 0.72008, 0.27992, 0.0 },
    { 688, 0.72011, 0.27989, 0.0 },
    { 689, 0.72014, 0.27986, 0.0 },
    { 690, 0.72016, 0.27984, 0.0 },
    { 691, 0.72019, 0.27981, 0.0 },
    { 692, 0.72022, 0.27978, 0.0 },
    { 693, 0.72025, 0.27975, 0.0 },
    { 694, 0.72027, 0.27973, 0.0 },
    { 695, 0.7203, 0.2797, 0.0 },
    { 696, 0.72031, 0.27969, 0.0 },
    { 697, 0.72033, 0.27967, 0.0 },
    { 698, 0.72034, 0.27966, 0.0 },
    { 699, 0.72035, 0.27965, 0.0 },
    { 700, 0.72036, 0.27964, 0.0 },
    { 701, 0.72036, 0.27964, 0.0 },
    { 702, 0.72036, 0.27964, 0.0 },
    { 703, 0.72035, 0.27965, 0.0 },
    { 704, 0.72034, 0.27966, 0.0 },
    { 705, 0.72032, 0.27968, 0.0 },
    { 706, 0.72031, 0.27969, 0.0 },
    { 707, 0.72029, 0.27971, 0.0 },
    { 708, 0.72027, 0.27973, 0.0 },
    { 709, 0.72025, 0.27975, 0.0 },
    { 710, 0.72023, 0.27977, 0.0 },
    { 711, 0.7202, 0.2798, 0.0 },
    { 712, 0.72018, 0.27982, 0.0 },
    { 713, 0.72015, 0.27985, 0.0 },
    { 714, 0.72012, 0.27988, 0.0 },
    { 715, 0.72009, 0.27991, 0.0 },
    { 716, 0.72006, 0.27994, 0.0 },
    { 717, 0.72002, 0.27998, 0.0 },
    { 718, 0.71999, 0.28001, 0.0 },
    { 719, 0.71995, 0.28005, 0.0 },
    { 720, 0.71991, 0.28009, 0.0 },
    { 721, 0.71987, 0.28013, 0.0 },
    { 722, 0.71983, 0.28017, 0.0 },
    { 723, 0.71978, 0.28022, 0.0 },
    { 724, 0.71974, 0.28026, 0.0 },
    { 725, 0.71969, 0.28031, 0.0 },
    { 726, 0.71964, 0.28036, 0.0 },
    { 727, 0.7196, 0.2804, 0.0 },
    { 728, 0.71955, 0.28045, 0.0 },
    { 729, 0.7195, 0.2805, 0.0 },
    { 730, 0.71945, 0.28055, 0.0 },
    { 731, 0.7194, 0.2806, 0.0 },
    { 732, 0.71934, 0.28066, 0.0 },
    { 733, 0.71929, 0.28071, 0.0 },
    { 734, 0.71924, 0.28076, 0.0 },
    { 735, 0.71919, 0.28081, 0.0 },
    { 736, 0.71913, 0.28087, 0.0 },
    { 737, 0.71908, 0.28092, 0.0 },
    { 738, 0.71902, 0.28098, 0.0 },
    { 739, 0.71896, 0.28104, 0.0 },
    { 740, 0.71891, 0.28109, 0.0 },
    { 741, 0.71885, 0.28115, 0.0 },
    { 742, 0.71879, 0.28121, 0.0 },
    { 743, 0.71873, 0.28127, 0.0 },
    { 744, 0.71867, 0.28133, 0.0 },
    { 745, 0.71861, 0.28139, 0.0 },
    { 746, 0.71855, 0.28145, 0.0 },
    { 747, 0.71848, 0.28152, 0.0 },
    { 748, 0.71842, 0.28158, 0.0 },
    { 749, 0.71836, 0.28164, 0.0 },
    { 750, 0.71829, 0.28171, 0.0 },
    { 751, 0.71823, 0.28177, 0.0 },
    { 752, 0.71816, 0.28184, 0.0 },
    { 753, 0.7181, 0.2819, 0.0 },
    { 754, 0.71803, 0.28197, 0.0 },
    { 755, 0.71796, 0.28204, 0.0 },
    { 756, 0.71789, 0.28211, 0.0 },
    { 757, 0.71782, 0.28218, 0.0 },
    { 758, 0.71775, 0.28225, 0.0 },
    { 759, 0.71768, 0.28232, 0.0 },
    { 760, 0.71761, 0.28239, 0.0 },
    { 761, 0.71754, 0.28246, 0.0 },
    { 762, 0.71746, 0.28254, 0.0 },
    { 763, 0.71739, 0.28261, 0.0 },
    { 764, 0.71732, 0.28268, 0.0 },
    { 765, 0.71724, 0.28276, 0.0 },
    { 766, 0.71716, 0.28284, 0.0 },
    { 767, 0.71709, 0.28291, 0.0 },
    { 768, 0.71701, 0.28299, 0.0 },
    { 769, 0.71694, 0.28306, 0.0 },
    { 770, 0.71686, 0.28314, 0.0 },
    { 771, 0.71678, 0.28322, 0.0 },
    { 772, 0.7167, 0.2833, 0.0 },
    { 773, 0.71662, 0.28338, 0.0 },
    { 774, 0.71654, 0.28346, 0.0 },
    { 775, 0.71646, 0.28354, 0.0 },
    { 776, 0.71638, 0.28362, 0.0 },
    { 777, 0.7163, 0.2837, 0.0 },
    { 778, 0.71622, 0.28378, 0.0 },
    { 779, 0.71614, 0.28386, 0.0 },
    { 780, 0.71606, 0.28394, 0.0 },
    { 781, 0.71597, 0.28403, 0.0 },
    { 782, 0.71589, 0.28411, 0.0 },
    { 783, 0.71581, 0.28419, 0.0 },
    { 784, 0.71572, 0.28428, 0.0 },
    { 785, 0.71564, 0.28436, 0.0 },
    { 786, 0.71555, 0.28445, 0.0 },
    { 787, 0.71547, 0.28453, 0.0 },
    { 788, 0.71538, 0.28462, 0.0 },
    { 789, 0.71529, 0.28471, 0.0 },
    { 790, 0.71521, 0.28479, 0.0 },
    { 791, 0.71512, 0.28488, 0.0 },
    { 792, 0.71503, 0.28497, 0.0 },
    { 793, 0.71495, 0.28505, 0.0 },
    { 794, 0.71486, 0.28514, 0.0 },
    { 795, 0.71477, 0.28523, 0.0 },
    { 796, 0.71468, 0.28532, 0.0 },
    { 797, 0.71459, 0.28541, 0.0 },
    { 798, 0.7145, 0.2855, 0.0 },
    { 799, 0.71442, 0.28558, 0.0 },
    { 800, 0.71432, 0.28568, 0.0 },
    { 801, 0.71424, 0.28576, 0.0 },
    { 802, 0.71414, 0.28586, 0.0 },
    { 803, 0.71405, 0.28595, 0.0 },
    { 804, 0.71396, 0.28604, 0.0 },
    { 805, 0.71387, 0.28613, 0.0 },
    { 806, 0.71378, 0.28622, 0.0 },
    { 807, 0.71369, 0.28631, 0.0 },
    { 808, 0.7136, 0.2864, 0.0 },
    { 809, 0.7135, 0.2865, 0.0 },
    { 810, 0.71341, 0.28659, 0.0 },
    { 811, 0.71332, 0.28668, 0.0 },
    { 812, 0.71322, 0.28678, 0.0 },
    { 813, 0.71313, 0.28687, 0.0 },
    { 814, 0.71304, 0.28696, 0.0 },
    { 815, 0.71294, 0.28706, 0.0 },
    { 816, 0.71285, 0.28715, 0.0 },
    { 817, 0.71276, 0.28724, 0.0 },
    { 818, 0.71266, 0.28734, 0.0 },
    { 819, 0.71257, 0.28743, 0.0 },
    { 820, 0.71247, 0.28753, 0.0 },
    { 821, 0.71238, 0.28762, 0.0 },
    { 822, 0.71228, 0.28772, 0.0 },
    { 823, 0.71219, 0.28781, 0.0 },
    { 824, 0.71209, 0.28791, 0.0 },
    { 825, 0.712, 0.288, 0.0 },
    { 826, 0.7119, 0.2881, 0.0 },
    { 827, 0.71181, 0.28819, 0.0 },
    { 828, 0.71171, 0.28829, 0.0 },
    { 829, 0.71162, 0.28838, 0.0 },
    { 830, 0.71152, 0.28848, 0.0 },
};

// https://cie.co.at/datatable/cie-1931-chromaticity-coordinates-spectrum-loci-2-degree-observer
spectral_curve CurveData2degree[] = {
    { 360, 0.17556, 0.00529, 0.81915 },
    { 361, 0.17548, 0.00529, 0.81923 },
    { 362, 0.17540, 0.00528, 0.81932 },
    { 363, 0.17532, 0.00527, 0.81941 },
    { 364, 0.17524, 0.00526, 0.81950 },
    { 365, 0.17516, 0.00526, 0.81958 },
    { 366, 0.17509, 0.00525, 0.81966 },
    { 367, 0.17501, 0.00524, 0.81975 },
    { 368, 0.17494, 0.00523, 0.81983 },
    { 369, 0.17488, 0.00522, 0.81990 },
    { 370, 0.17482, 0.00522, 0.81996 },
    { 371, 0.17477, 0.00523, 0.82000 },
    { 372, 0.17472, 0.00524, 0.82004 },
    { 373, 0.17466, 0.00524, 0.82010 },
    { 374, 0.17459, 0.00522, 0.82019 },
    { 375, 0.17451, 0.00518, 0.82031 },
    { 376, 0.17441, 0.00513, 0.82046 },
    { 377, 0.17431, 0.00507, 0.82062 },
    { 378, 0.17422, 0.00502, 0.82076 },
    { 379, 0.17416, 0.00498, 0.82086 },
    { 380, 0.17411, 0.00496, 0.82093 },
    { 381, 0.17409, 0.00496, 0.82095 },
    { 382, 0.17407, 0.00497, 0.82096 },
    { 383, 0.17406, 0.00498, 0.82096 },
    { 384, 0.17404, 0.00498, 0.82098 },
    { 385, 0.17401, 0.00498, 0.82101 },
    { 386, 0.17397, 0.00497, 0.82106 },
    { 387, 0.17393, 0.00494, 0.82113 },
    { 388, 0.17389, 0.00493, 0.82118 },
    { 389, 0.17384, 0.00492, 0.82124 },
    { 390, 0.17380, 0.00492, 0.82128 },
    { 391, 0.17376, 0.00492, 0.82132 },
    { 392, 0.17370, 0.00494, 0.82136 },
    { 393, 0.17366, 0.00494, 0.82140 },
    { 394, 0.17361, 0.00494, 0.82145 },
    { 395, 0.17356, 0.00492, 0.82152 },
    { 396, 0.17351, 0.00490, 0.82159 },
    { 397, 0.17347, 0.00486, 0.82167 },
    { 398, 0.17342, 0.00484, 0.82174 },
    { 399, 0.17338, 0.00481, 0.82181 },
    { 400, 0.17334, 0.00480, 0.82186 },
    { 401, 0.17329, 0.00479, 0.82192 },
    { 402, 0.17324, 0.00478, 0.82198 },
    { 403, 0.17317, 0.00478, 0.82205 },
    { 404, 0.17310, 0.00477, 0.82213 },
    { 405, 0.17302, 0.00478, 0.82220 },
    { 406, 0.17293, 0.00478, 0.82229 },
    { 407, 0.17284, 0.00479, 0.82237 },
    { 408, 0.17275, 0.00480, 0.82245 },
    { 409, 0.17266, 0.00480, 0.82254 },
    { 410, 0.17258, 0.00480, 0.82262 },
    { 411, 0.17249, 0.00480, 0.82271 },
    { 412, 0.17239, 0.00480, 0.82281 },
    { 413, 0.17230, 0.00480, 0.82290 },
    { 414, 0.17219, 0.00482, 0.82299 },
    { 415, 0.17209, 0.00483, 0.82308 },
    { 416, 0.17198, 0.00486, 0.82316 },
    { 417, 0.17187, 0.00489, 0.82324 },
    { 418, 0.17174, 0.00494, 0.82332 },
    { 419, 0.17159, 0.00501, 0.82340 },
    { 420, 0.17141, 0.00510, 0.82349 },
    { 421, 0.17121, 0.00521, 0.82358 },
    { 422, 0.17099, 0.00533, 0.82368 },
    { 423, 0.17077, 0.00547, 0.82376 },
    { 424, 0.17054, 0.00562, 0.82384 },
    { 425, 0.17030, 0.00579, 0.82391 },
    { 426, 0.17005, 0.00597, 0.82398 },
    { 427, 0.16978, 0.00618, 0.82404 },
    { 428, 0.16950, 0.00640, 0.82410 },
    { 429, 0.16920, 0.00664, 0.82416 },
    { 430, 0.16888, 0.00690, 0.82422 },
    { 431, 0.16853, 0.00718, 0.82429 },
    { 432, 0.16815, 0.00749, 0.82436 },
    { 433, 0.16775, 0.00782, 0.82443 },
    { 434, 0.16733, 0.00817, 0.82450 },
    { 435, 0.16690, 0.00855, 0.82455 },
    { 436, 0.16645, 0.00896, 0.82459 },
    { 437, 0.16598, 0.00940, 0.82462 },
    { 438, 0.16548, 0.00987, 0.82465 },
    { 439, 0.16496, 0.01035, 0.82469 },
    { 440, 0.16441, 0.01086, 0.82473 },
    { 441, 0.16383, 0.01138, 0.82479 },
    { 442, 0.16321, 0.01194, 0.82485 },
    { 443, 0.16255, 0.01252, 0.82493 },
    { 444, 0.16185, 0.01314, 0.82501 },
    { 445, 0.16111, 0.01379, 0.82510 },
    { 446, 0.16031, 0.01449, 0.82520 },
    { 447, 0.15947, 0.01523, 0.82530 },
    { 448, 0.15857, 0.01602, 0.82541 },
    { 449, 0.15763, 0.01684, 0.82553 },
    { 450, 0.15664, 0.01771, 0.82565 },
    { 451, 0.15560, 0.01861, 0.82579 },
    { 452, 0.15452, 0.01956, 0.82592 },
    { 453, 0.15340, 0.02055, 0.82605 },
    { 454, 0.15222, 0.02161, 0.82617 },
    { 455, 0.15099, 0.02274, 0.82627 },
    { 456, 0.14969, 0.02395, 0.82636 },
    { 457, 0.14834, 0.02525, 0.82641 },
    { 458, 0.14693, 0.02663, 0.82644 },
    { 459, 0.14547, 0.02812, 0.82641 },
    { 460, 0.14396, 0.02970, 0.82634 },
    { 461, 0.14241, 0.03139, 0.82620 },
    { 462, 0.14080, 0.03321, 0.82599 },
    { 463, 0.13912, 0.03520, 0.82568 },
    { 464, 0.13737, 0.03740, 0.82523 },
    { 465, 0.13550, 0.03988, 0.82462 },
    { 466, 0.13351, 0.04269, 0.82380 },
    { 467, 0.13137, 0.04588, 0.82275 },
    { 468, 0.12909, 0.04945, 0.82146 },
    { 469, 0.12666, 0.05343, 0.81991 },
    { 470, 0.12412, 0.05780, 0.81808 },
    { 471, 0.12147, 0.06259, 0.81594 },
    { 472, 0.11870, 0.06783, 0.81347 },
    { 473, 0.11581, 0.07358, 0.81061 },
    { 474, 0.11278, 0.07989, 0.80733 },
    { 475, 0.10960, 0.08684, 0.80356 },
    { 476, 0.10626, 0.09449, 0.79925 },
    { 477, 0.10278, 0.10286, 0.79436 },
    { 478, 0.09913, 0.11201, 0.78886 },
    { 479, 0.09531, 0.12194, 0.78275 },
    { 480, 0.09129, 0.13270, 0.77601 },
    { 481, 0.08708, 0.14432, 0.76860 },
    { 482, 0.08268, 0.15687, 0.76045 },
    { 483, 0.07812, 0.17042, 0.75146 },
    { 484, 0.07344, 0.18503, 0.74153 },
    { 485, 0.06871, 0.20072, 0.73057 },
    { 486, 0.06399, 0.21747, 0.71854 },
    { 487, 0.05932, 0.23525, 0.70543 },
    { 488, 0.05467, 0.25409, 0.69124 },
    { 489, 0.05003, 0.27400, 0.67597 },
    { 490, 0.04539, 0.29498, 0.65963 },
    { 491, 0.04076, 0.31698, 0.64226 },
    { 492, 0.03620, 0.33990, 0.62390 },
    { 493, 0.03176, 0.36360, 0.60464 },
    { 494, 0.02749, 0.38792, 0.58459 },
    { 495, 0.02346, 0.41270, 0.56384 },
    { 496, 0.01970, 0.43776, 0.54254 },
    { 497, 0.01627, 0.46295, 0.52078 },
    { 498, 0.01318, 0.48821, 0.49861 },
    { 499, 0.01048, 0.51340, 0.47612 },
    { 500, 0.00817, 0.53842, 0.45341 },
    { 501, 0.00628, 0.56307, 0.43065 },
    { 502, 0.00487, 0.58712, 0.40801 },
    { 503, 0.00398, 0.61045, 0.38557 },
    { 504, 0.00364, 0.63301, 0.36335 },
    { 505, 0.00386, 0.65482, 0.34132 },
    { 506, 0.00464, 0.67590, 0.31946 },
    { 507, 0.00601, 0.69612, 0.29787 },
    { 508, 0.00799, 0.71534, 0.27667 },
    { 509, 0.01060, 0.73341, 0.25599 },
    { 510, 0.01387, 0.75019, 0.23594 },
    { 511, 0.01777, 0.76561, 0.21662 },
    { 512, 0.02224, 0.77963, 0.19813 },
    { 513, 0.02727, 0.79211, 0.18062 },
    { 514, 0.03282, 0.80293, 0.16425 },
    { 515, 0.03885, 0.81202, 0.14913 },
    { 516, 0.04533, 0.81939, 0.13528 },
    { 517, 0.05218, 0.82516, 0.12266 },
    { 518, 0.05932, 0.82943, 0.11125 },
    { 519, 0.06672, 0.83227, 0.10101 },
    { 520, 0.07430, 0.83380, 0.09190 },
    { 521, 0.08205, 0.83409, 0.08386 },
    { 522, 0.08994, 0.83329, 0.07677 },
    { 523, 0.09794, 0.83159, 0.07047 },
    { 524, 0.10602, 0.82918, 0.06480 },
    { 525, 0.11416, 0.82621, 0.05963 },
    { 526, 0.12235, 0.82277, 0.05488 },
    { 527, 0.13055, 0.81893, 0.05052 },
    { 528, 0.13870, 0.81478, 0.04652 },
    { 529, 0.14677, 0.81040, 0.04283 },
    { 530, 0.15472, 0.80586, 0.03942 },
    { 531, 0.16253, 0.80124, 0.03623 },
    { 532, 0.17024, 0.79652, 0.03324 },
    { 533, 0.17785, 0.79169, 0.03046 },
    { 534, 0.18539, 0.78673, 0.02788 },
    { 535, 0.19288, 0.78163, 0.02549 },
    { 536, 0.20031, 0.77640, 0.02329 },
    { 537, 0.20769, 0.77105, 0.02126 },
    { 538, 0.21503, 0.76559, 0.01938 },
    { 539, 0.22234, 0.76002, 0.01764 },
    { 540, 0.22962, 0.75433, 0.01605 },
    { 541, 0.23689, 0.74852, 0.01459 },
    { 542, 0.24413, 0.74262, 0.01325 },
    { 543, 0.25136, 0.73661, 0.01203 },
    { 544, 0.25858, 0.73051, 0.01091 },
    { 545, 0.26578, 0.72432, 0.00990 },
    { 546, 0.27296, 0.71806, 0.00898 },
    { 547, 0.28013, 0.71172, 0.00815 },
    { 548, 0.28729, 0.70532, 0.00739 },
    { 549, 0.29445, 0.69884, 0.00671 },
    { 550, 0.30160, 0.69231, 0.00609 },
    { 551, 0.30876, 0.68571, 0.00553 },
    { 552, 0.31592, 0.67906, 0.00502 },
    { 553, 0.32306, 0.67237, 0.00457 },
    { 554, 0.33021, 0.66563, 0.00416 },
    { 555, 0.33736, 0.65885, 0.00379 },
    { 556, 0.34451, 0.65203, 0.00346 },
    { 557, 0.35167, 0.64517, 0.00316 },
    { 558, 0.35881, 0.63829, 0.00290 },
    { 559, 0.36596, 0.63138, 0.00266 },
    { 560, 0.37310, 0.62445, 0.00245 },
    { 561, 0.38024, 0.61750, 0.00226 },
    { 562, 0.38738, 0.61054, 0.00208 },
    { 563, 0.39451, 0.60357, 0.00192 },
    { 564, 0.40163, 0.59659, 0.00178 },
    { 565, 0.40873, 0.58961, 0.00166 },
    { 566, 0.41583, 0.58262, 0.00155 },
    { 567, 0.42292, 0.57563, 0.00145 },
    { 568, 0.42999, 0.56865, 0.00136 },
    { 569, 0.43704, 0.56167, 0.00129 },
    { 570, 0.44406, 0.55472, 0.00122 },
    { 571, 0.45106, 0.54777, 0.00117 },
    { 572, 0.45804, 0.54084, 0.00112 },
    { 573, 0.46499, 0.53393, 0.00108 },
    { 574, 0.47190, 0.52705, 0.00105 },
    { 575, 0.47878, 0.52020, 0.00102 },
    { 576, 0.48561, 0.51339, 0.00100 },
    { 577, 0.49241, 0.50661, 0.00098 },
    { 578, 0.49915, 0.49989, 0.00096 },
    { 579, 0.50585, 0.49321, 0.00094 },
    { 580, 0.51249, 0.48659, 0.00092 },
    { 581, 0.51907, 0.48003, 0.00090 },
    { 582, 0.52560, 0.47353, 0.00087 },
    { 583, 0.53207, 0.46709, 0.00084 },
    { 584, 0.53846, 0.46073, 0.00081 },
    { 585, 0.54479, 0.45443, 0.00078 },
    { 586, 0.55103, 0.44823, 0.00074 },
    { 587, 0.55719, 0.44210, 0.00071 },
    { 588, 0.56327, 0.43606, 0.00067 },
    { 589, 0.56926, 0.43010, 0.00064 },
    { 590, 0.57515, 0.42423, 0.00062 },
    { 591, 0.58094, 0.41846, 0.00060 },
    { 592, 0.58665, 0.41276, 0.00059 },
    { 593, 0.59222, 0.40719, 0.00059 },
    { 594, 0.59766, 0.40176, 0.00058 },
    { 595, 0.60293, 0.39650, 0.00057 },
    { 596, 0.60803, 0.39141, 0.00056 },
    { 597, 0.61298, 0.38648, 0.00054 },
    { 598, 0.61778, 0.38171, 0.00051 },
    { 599, 0.62246, 0.37705, 0.00049 },
    { 600, 0.62704, 0.37249, 0.00047 },
    { 601, 0.63152, 0.36803, 0.00045 },
    { 602, 0.63590, 0.36367, 0.00043 },
    { 603, 0.64016, 0.35943, 0.00041 },
    { 604, 0.64427, 0.35533, 0.00040 },
    { 605, 0.64823, 0.35140, 0.00037 },
    { 606, 0.65203, 0.34763, 0.00034 },
    { 607, 0.65567, 0.34402, 0.00031 },
    { 608, 0.65917, 0.34055, 0.00028 },
    { 609, 0.66253, 0.33722, 0.00025 },
    { 610, 0.66576, 0.33401, 0.00023 },
    { 611, 0.66887, 0.33092, 0.00021 },
    { 612, 0.67186, 0.32795, 0.00019 },
    { 613, 0.67472, 0.32509, 0.00019 },
    { 614, 0.67746, 0.32236, 0.00018 },
    { 615, 0.68008, 0.31975, 0.00017 },
    { 616, 0.68258, 0.31725, 0.00017 },
    { 617, 0.68497, 0.31486, 0.00017 },
    { 618, 0.68725, 0.31259, 0.00016 },
    { 619, 0.68943, 0.31041, 0.00016 },
    { 620, 0.69151, 0.30834, 0.00015 },
    { 621, 0.69349, 0.30637, 0.00014 },
    { 622, 0.69539, 0.30448, 0.00013 },
    { 623, 0.69721, 0.30267, 0.00012 },
    { 624, 0.69894, 0.30095, 0.00011 },
    { 625, 0.70061, 0.29930, 0.00009 },
    { 626, 0.70219, 0.29773, 0.00008 },
    { 627, 0.70371, 0.29622, 0.00007 },
    { 628, 0.70516, 0.29477, 0.00007 },
    { 629, 0.70656, 0.29338, 0.00006 },
    { 630, 0.70792, 0.29203, 0.00005 },
    { 631, 0.70923, 0.29072, 0.00005 },
    { 632, 0.71050, 0.28945, 0.00005 },
    { 633, 0.71173, 0.28823, 0.00004 },
    { 634, 0.71290, 0.28706, 0.00004 },
    { 635, 0.71403, 0.28593, 0.00004 },
    { 636, 0.71512, 0.28484, 0.00004 },
    { 637, 0.71616, 0.28380, 0.00004 },
    { 638, 0.71716, 0.28281, 0.00003 },
    { 639, 0.71812, 0.28185, 0.00003 },
    { 640, 0.71903, 0.28094, 0.00003 },
    { 641, 0.71991, 0.28006, 0.00003 },
    { 642, 0.72075, 0.27922, 0.00003 },
    { 643, 0.72155, 0.27842, 0.00003 },
    { 644, 0.72232, 0.27766, 0.00002 },
    { 645, 0.72303, 0.27695, 0.00002 },
    { 646, 0.72370, 0.27628, 0.00002 },
    { 647, 0.72433, 0.27566, 0.00001 },
    { 648, 0.72491, 0.27508, 0.00001 },
    { 649, 0.72547, 0.27453, 0.00000 },
    { 650, 0.72599, 0.27401, 0.00000 },
    { 651, 0.72649, 0.27351, 0.00000 },
    { 652, 0.72698, 0.27302, 0.00000 },
    { 653, 0.72743, 0.27257, 0.00000 },
    { 654, 0.72786, 0.27214, 0.00000 },
    { 655, 0.72827, 0.27173, 0.00000 },
    { 656, 0.72866, 0.27134, 0.00000 },
    { 657, 0.72902, 0.27098, 0.00000 },
    { 658, 0.72936, 0.27064, 0.00000 },
    { 659, 0.72968, 0.27032, 0.00000 },
    { 660, 0.72997, 0.27003, 0.00000 },
    { 661, 0.73023, 0.26977, 0.00000 },
    { 662, 0.73047, 0.26953, 0.00000 },
    { 663, 0.73069, 0.26931, 0.00000 },
    { 664, 0.73090, 0.26910, 0.00000 },
    { 665, 0.73109, 0.26891, 0.00000 },
    { 666, 0.73128, 0.26872, 0.00000 },
    { 667, 0.73147, 0.26853, 0.00000 },
    { 668, 0.73165, 0.26835, 0.00000 },
    { 669, 0.73183, 0.26817, 0.00000 },
    { 670, 0.73199, 0.26801, 0.00000 },
    { 671, 0.73215, 0.26785, 0.00000 },
    { 672, 0.73230, 0.26770, 0.00000 },
    { 673, 0.73244, 0.26756, 0.00000 },
    { 674, 0.73258, 0.26742, 0.00000 },
    { 675, 0.73272, 0.26728, 0.00000 },
    { 676, 0.73286, 0.26714, 0.00000 },
    { 677, 0.73300, 0.26700, 0.00000 },
    { 678, 0.73314, 0.26686, 0.00000 },
    { 679, 0.73328, 0.26672, 0.00000 },
    { 680, 0.73342, 0.26658, 0.00000 },
    { 681, 0.73355, 0.26645, 0.00000 },
    { 682, 0.73368, 0.26632, 0.00000 },
    { 683, 0.73381, 0.26619, 0.00000 },
    { 684, 0.73394, 0.26606, 0.00000 },
    { 685, 0.73405, 0.26595, 0.00000 },
    { 686, 0.73414, 0.26586, 0.00000 },
    { 687, 0.73422, 0.26578, 0.00000 },
    { 688, 0.73429, 0.26571, 0.00000 },
    { 689, 0.73434, 0.26566, 0.00000 },
    { 690, 0.73439, 0.26561, 0.00000 },
    { 691, 0.73444, 0.26556, 0.00000 },
    { 692, 0.73448, 0.26552, 0.00000 },
    { 693, 0.73452, 0.26548, 0.00000 },
    { 694, 0.73456, 0.26544, 0.00000 },
    { 695, 0.73459, 0.26541, 0.00000 },
    { 696, 0.73462, 0.26538, 0.00000 },
    { 697, 0.73465, 0.26535, 0.00000 },
    { 698, 0.73467, 0.26533, 0.00000 },
    { 699, 0.73469, 0.26531, 0.00000 },
    { 700, 0.73469, 0.26531, 0.00000 },
    { 701, 0.73469, 0.26531, 0.00000 },
    { 702, 0.73469, 0.26531, 0.00000 },
    { 703, 0.73469, 0.26531, 0.00000 },
    { 704, 0.73469, 0.26531, 0.00000 },
    { 705, 0.73469, 0.26531, 0.00000 },
    { 706, 0.73469, 0.26531, 0.00000 },
    { 707, 0.73469, 0.26531, 0.00000 },
    { 708, 0.73469, 0.26531, 0.00000 },
    { 709, 0.73469, 0.26531, 0.00000 },
    { 710, 0.73469, 0.26531, 0.00000 },
    { 711, 0.73469, 0.26531, 0.00000 },
    { 712, 0.73469, 0.26531, 0.00000 },
    { 713, 0.73469, 0.26531, 0.00000 },
    { 714, 0.73469, 0.26531, 0.00000 },
    { 715, 0.73469, 0.26531, 0.00000 },
    { 716, 0.73469, 0.26531, 0.00000 },
    { 717, 0.73469, 0.26531, 0.00000 },
    { 718, 0.73469, 0.26531, 0.00000 },
    { 719, 0.73469, 0.26531, 0.00000 },
    { 720, 0.73469, 0.26531, 0.00000 },
    { 721, 0.73469, 0.26531, 0.00000 },
    { 722, 0.73469, 0.26531, 0.00000 },
    { 723, 0.73469, 0.26531, 0.00000 },
    { 724, 0.73469, 0.26531, 0.00000 },
    { 725, 0.73469, 0.26531, 0.00000 },
    { 726, 0.73469, 0.26531, 0.00000 },
    { 727, 0.73469, 0.26531, 0.00000 },
    { 728, 0.73469, 0.26531, 0.00000 },
    { 729, 0.73469, 0.26531, 0.00000 },
    { 730, 0.73469, 0.26531, 0.00000 },
    { 731, 0.73469, 0.26531, 0.00000 },
    { 732, 0.73469, 0.26531, 0.00000 },
    { 733, 0.73469, 0.26531, 0.00000 },
    { 734, 0.73469, 0.26531, 0.00000 },
    { 735, 0.73469, 0.26531, 0.00000 },
    { 736, 0.73469, 0.26531, 0.00000 },
    { 737, 0.73469, 0.26531, 0.00000 },
    { 738, 0.73469, 0.26531, 0.00000 },
    { 739, 0.73469, 0.26531, 0.00000 },
    { 740, 0.73469, 0.26531, 0.00000 },
    { 741, 0.73469, 0.26531, 0.00000 },
    { 742, 0.73469, 0.26531, 0.00000 },
    { 743, 0.73469, 0.26531, 0.00000 },
    { 744, 0.73469, 0.26531, 0.00000 },
    { 745, 0.73469, 0.26531, 0.00000 },
    { 746, 0.73469, 0.26531, 0.00000 },
    { 747, 0.73469, 0.26531, 0.00000 },
    { 748, 0.73469, 0.26531, 0.00000 },
    { 749, 0.73469, 0.26531, 0.00000 },
    { 750, 0.73469, 0.26531, 0.00000 },
    { 751, 0.73469, 0.26531, 0.00000 },
    { 752, 0.73469, 0.26531, 0.00000 },
    { 753, 0.73469, 0.26531, 0.00000 },
    { 754, 0.73469, 0.26531, 0.00000 },
    { 755, 0.73469, 0.26531, 0.00000 },
    { 756, 0.73469, 0.26531, 0.00000 },
    { 757, 0.73469, 0.26531, 0.00000 },
    { 758, 0.73469, 0.26531, 0.00000 },
    { 759, 0.73469, 0.26531, 0.00000 },
    { 760, 0.73469, 0.26531, 0.00000 },
    { 761, 0.73469, 0.26531, 0.00000 },
    { 762, 0.73469, 0.26531, 0.00000 },
    { 763, 0.73469, 0.26531, 0.00000 },
    { 764, 0.73469, 0.26531, 0.00000 },
    { 765, 0.73469, 0.26531, 0.00000 },
    { 766, 0.73469, 0.26531, 0.00000 },
    { 767, 0.73469, 0.26531, 0.00000 },
    { 768, 0.73469, 0.26531, 0.00000 },
    { 769, 0.73469, 0.26531, 0.00000 },
    { 770, 0.73469, 0.26531, 0.00000 },
    { 771, 0.73469, 0.26531, 0.00000 },
    { 772, 0.73469, 0.26531, 0.00000 },
    { 773, 0.73469, 0.26531, 0.00000 },
    { 774, 0.73469, 0.26531, 0.00000 },
    { 775, 0.73469, 0.26531, 0.00000 },
    { 776, 0.73469, 0.26531, 0.00000 },
    { 777, 0.73469, 0.26531, 0.00000 },
    { 778, 0.73469, 0.26531, 0.00000 },
    { 779, 0.73469, 0.26531, 0.00000 },
    { 780, 0.73469, 0.26531, 0.00000 },
    { 781, 0.73469, 0.26531, 0.00000 },
    { 782, 0.73469, 0.26531, 0.00000 },
    { 783, 0.73469, 0.26531, 0.00000 },
    { 784, 0.73469, 0.26531, 0.00000 },
    { 785, 0.73469, 0.26531, 0.00000 },
    { 786, 0.73469, 0.26531, 0.00000 },
    { 787, 0.73469, 0.26531, 0.00000 },
    { 788, 0.73469, 0.26531, 0.00000 },
    { 789, 0.73469, 0.26531, 0.00000 },
    { 790, 0.73469, 0.26531, 0.00000 },
    { 791, 0.73469, 0.26531, 0.00000 },
    { 792, 0.73469, 0.26531, 0.00000 },
    { 793, 0.73469, 0.26531, 0.00000 },
    { 794, 0.73469, 0.26531, 0.00000 },
    { 795, 0.73469, 0.26531, 0.00000 },
    { 796, 0.73469, 0.26531, 0.00000 },
    { 797, 0.73469, 0.26531, 0.00000 },
    { 798, 0.73469, 0.26531, 0.00000 },
    { 799, 0.73469, 0.26531, 0.00000 },
    { 800, 0.73469, 0.26531, 0.00000 },
    { 801, 0.73469, 0.26531, 0.00000 },
    { 802, 0.73469, 0.26531, 0.00000 },
    { 803, 0.73469, 0.26531, 0.00000 },
    { 804, 0.73469, 0.26531, 0.00000 },
    { 805, 0.73469, 0.26531, 0.00000 },
    { 806, 0.73469, 0.26531, 0.00000 },
    { 807, 0.73469, 0.26531, 0.00000 },
    { 808, 0.73469, 0.26531, 0.00000 },
    { 809, 0.73469, 0.26531, 0.00000 },
    { 810, 0.73469, 0.26531, 0.00000 },
    { 811, 0.73469, 0.26531, 0.00000 },
    { 812, 0.73469, 0.26531, 0.00000 },
    { 813, 0.73469, 0.26531, 0.00000 },
    { 814, 0.73469, 0.26531, 0.00000 },
    { 815, 0.73469, 0.26531, 0.00000 },
    { 816, 0.73469, 0.26531, 0.00000 },
    { 817, 0.73469, 0.26531, 0.00000 },
    { 818, 0.73469, 0.26531, 0.00000 },
    { 819, 0.73469, 0.26531, 0.00000 },
    { 820, 0.73469, 0.26531, 0.00000 },
    { 821, 0.73469, 0.26531, 0.00000 },
    { 822, 0.73469, 0.26531, 0.00000 },
    { 823, 0.73469, 0.26531, 0.00000 },
    { 824, 0.73469, 0.26531, 0.00000 },
    { 825, 0.73469, 0.26531, 0.00000 },
    { 826, 0.73469, 0.26531, 0.00000 },
    { 827, 0.73469, 0.26531, 0.00000 },
    { 828, 0.73469, 0.26531, 0.00000 },
    { 829, 0.73469, 0.26531, 0.00000 },
    { 830, 0.73469, 0.26531, 0.00000 },
};
